video_id,title,channel,published_at,description,view_count,like_count,comment_count,duration,tags,url
85qKqhRTjcI,Korean Medicine Deep Dive: The K-Beauty Secret? A Doctor Explains 'Coratherapy' for Scar Treatment!,Rodam Global Official,2025-11-03T09:25:31Z,"Dive into the world of Korean Traditional Medicine (Hanbang) as a licensed Korean Medicine Doctor gives an in-depth explanation of Coratherapy! Discover the K-Beauty secrets rooted in ancient wisdom. 🧐

In this video, we detail Coratherapy, one of the unique therapeutic methods used in Korean Medicine for flawless skin.

We'll cover everything from the mechanism of action of Coratherapy, which is primarily used for scar treatment and skin regeneration, to common questions about pain levels and post-treatment care. Get clear, expert answers directly from a Korean Medicine Doctor! Is Coratherapy the next big thing in K-Beauty? ✨

Discover how this traditional method heals and regenerates the skin, offering a unique perspective on Korean skincare.

TIMESTAMPS for Easy Viewing:

00:42 How Coratherapy Works (Mechanism of Action)

02:02 Does Coratherapy hurt? (Analyzing the Pain Level)

03:14 Aftercare for Coratherrapy (Essential Post-Treatment Steps)

04:53 Ending

🚩 Rodam Korean Medicine Clinic, Gangnam
📞 Phone: 02.3444.7523 
📱 KakaoTalk: https://pf.kakao.com/_ubqxmE 
🍀 Naver Reservation: https://naver.me/F0zWfGqF

#KoreanMedicine #Hanbang #Coratherapy #ScarTreatment #KBeauty #TraditionalMedicine #DoctorExplanation #KoreanCulture #SkinRegeneration",4367,0,3,PT5M34S,"K-Beauty, Scar Treatment, Korean Medicine, Coratherapy, Hanbang, acne, scar",https://www.youtube.com/watch?v=85qKqhRTjcI
uSCUNfwMOJs,GAME CHANGING Korean skincare products?!!😱🤩 #kbeauty #skincare #skincaretips #korean,Aylen Park,2024-09-05T03:28:00Z,,10104861,462353,1209,PT1M,,https://www.youtube.com/watch?v=uSCUNfwMOJs
gGeRJWDtgY0,Products k-beauty insiders are obsessed with rn🤭 #kbeauty #koreanmakeup #whatsinmypouch #makeup,Sarah Chey,2025-01-17T04:52:07Z,,270864,16896,28,PT1M,,https://www.youtube.com/watch?v=gGeRJWDtgY0
i1o1XILTSxU,Ancient vs Modern Kbeauty ✨,krystallee,2025-09-26T04:18:34Z,"Ancient vs Modern Kbeauty✨

Products: ANUA pore deep foaming cleanser, NACIFIC uyu toner, Parnell cushion foundation, AOU Cosmetics brow balm, Rom&nd apricot beige balm, entropy lip tint in ruby charm

#kbeauty #koreanskincare #skincare #koreanmakeup #naturalbeauty",626276,26365,96,PT51S,,https://www.youtube.com/watch?v=i1o1XILTSxU
iO8oW6CRiRk,pink kbeauty lippies 🎀 #shorts #koreanbeauty #kbeauty #koreanmakeup #lippies #pink #yesstyle,Dahia,2024-06-11T05:53:01Z,"like & subscribe for more ! 🫶🏻

product link 🔗 

fwee pot 🔗 https://global.oliveyoung.com/if/rd?su=8VE5AN6M

fwee gloss 🔗 https://www.yesstyle.com/en/fwee-3d-voluming-gloss-10-colors-b06-scotch-70/info.html/pid.1128770343?rco=DAHIA05&utm_term=DAHIA05&utm_medium=LinkShare&mcg=influencer

rom&nd tint 🔗 https://www.yesstyle.com/en/romand-juicy-lasting-tint-bare-juicy-series-4-colors-25-bare-grape/info.html/pid.1100905689?rco=DAHIA05&utm_term=DAHIA05&utm_medium=LinkShare&mcg=influencer

rom&nd balm 🔗 https://www.yesstyle.com/en/romand-glasting-melting-balm-dusty-on-the-nude-edition-6-colors-15/info.html/pid.1125553052?rco=DAHIA05&utm_term=DAHIA05&utm_medium=LinkShare&mcg=influencer

Yesstyle code • DAHIA05
Olive Young code • DAHIA15
Stylevana code • INF105DAHIA

lippies inspo @b.inyoung03 on instagram

🏷️ 
#kbeauty #koreanmakeup #makeup #beauty #cutemakeup #asianmakeup #kpop #kpopmakeup #viralmakeup #pink #pinkmakeup #chinesemakeup #douyinmakeup #xiaohongshu #cbeauty #kbeautyskincare #koreanskincare #skincare #afforable #yesstyle",6720906,340597,462,PT24S,,https://www.youtube.com/watch?v=iO8oW6CRiRk
Bi_8gjx0QB0,COOLEST Korean Makeup HACKS?!!😱😍 #kbeauty #korean #makeup #makeuptips,Aylen Park,2024-10-01T02:22:02Z,,12411820,572925,566,PT1M,,https://www.youtube.com/watch?v=Bi_8gjx0QB0
wsB0opxgIFI,YesStyle Haul💖 #kbeauty #makeup #unboxing #haul #clio #wonyoungism #peripera #dasique #shorts #fyp,Dear_diarlee,2025-06-09T18:22:15Z,,499899,30356,181,PT36S,,https://www.youtube.com/watch?v=wsB0opxgIFI
48QReWnEPuc,Viral K-Beauty Products That are Actually Worth Your Money #skincare #koreanskincare,Skin Cupid,2023-09-27T17:30:01Z,"We are back with another two products that are actually worth the hype and money 😍 We get that sometimes it might be hard to know which ones are actually up to the hype, and trust us, these ones are!

💓 All available at www.skincupid.co.uk

🤍 MA:NYO Pure Cleansing Oil (200ml):
https://www.skincupid.co.uk/products/ma-nyo-pure-cleansing-oil-200ml

An award-winning cleansing oil that is formulated with 99% naturally-derived nourishing oils to remove impurities, melt blackheads, and unclog the pores for a clear complexion. It balances the skin's pH and delivers ample moisture with a mix of 14 essential oils, whilst removing excess oils and sebum. Packed with antioxidants and soothing oils, this cleansing oil has anti-ageing and calming properties to revitalise the skin and leave it smooth and clear.

🤍IM FROM Rice Toner (150ml):
https://www.skincupid.co.uk/products/im-from-rice-toner-150ml

Made with 77.78% Rice Extract that is naturally rich in antioxidants and vitamins, this toner effectively brightens, improves elasticity, and strengthens the skin barrier by preventing loss of moisture. Meanwhile, this toner also eliminates excess oils and dead skin cells whilst giving the skin large amounts of hydration.",2877968,181104,699,PT55S,,https://www.youtube.com/watch?v=48QReWnEPuc
vUblA8O08oQ,K-Beauty vs J-Beauty : I Tried Their Viral Peel-off Mask,Point of Yu,2025-10-02T14:01:28Z,"💕I’ll leave the links to both products in the Linktree on my profile.

K-Beauty vs J-Beauty : I Tried Their Viral Peel-off Mask

I compared two peel-off masks that are trending right now—one from Korea and one from Japan. Both are super popular, and honestly, the texture and feel are so similar that it wasn’t easy to pick a winner. But after digging deep into the ingredients, I finally made my choice.

Which one do you think comes out on top? 👀

🇰🇷Medicube-Collagen Night Wrapping Mask
https://www.yesstyle.com/en/medicube-collagen-night-wrapping-mask-75ml/info.html/pid.1124066780?rco=POYU0330&utm_term=POYU0330&utm_medium=Influencer&mcg=influencer

🇯🇵BCL-Momo Puri Peach Fresh Pack Mask
https://www.yesstyle.com/en/bcl-momo-puri-peach-fresh-pack-mask-12g/info.html/pid.1120756149?rco=POYU0330&utm_term=POYU0330&utm_medium=Influencer&mcg=influencer",447023,17208,57,PT43S,"korean skincare, japanese skincare, peel off mask, skincare review, skincare comparison, beauty trends, kbeauty, jbeauty, face mask, skincare routine, skincare test, skincare community, beauty review, skincare tips, viral skincare, korean skincare products, glass skin, skincare haul",https://www.youtube.com/watch?v=vUblA8O08oQ
3J1j3JmSAgs,My HONEST thoughts on viral skincare products🤫#kbeauty #koreanskincare #skincare #viralskincare,Sarah Chey,2025-09-16T00:28:19Z,,149717,5292,50,PT1M26S,,https://www.youtube.com/watch?v=3J1j3JmSAgs
